[4,10,0]
[4,10,1]
[4,10,2]
[4,10,3]
[4,10,9]
[4,10,10]
[4,10,11]
[4,10,12]
[4,10,13]
[4,10,14]
[4,10,15]
[4,11,0]
[4,11,1]
[4,11,2]
[4,11,3]
[4,11,8]
[4,11,9]
[4,11,10]
[4,11,11]
[4,11,12]
[4,11,13]
[4,11,14]
[4,11,15]
[5,20,8]
[5,20,14]
[5,20,15]
[5,20,16]
[5,21,8]
[5,21,11]
[5,21,12]
[5,21,13]
[5,21,14]
[5,21,15]
[5,21,16]
[5,21,17]
[5,22,8]
[5,22,9]
[5,22,11]
[5,23,8]
[5,23,9]
[5,23,11]
[5,23,12]
[5,23,15]
[6,40,34]
[6,40,35]
[6,41,34]
[6,41,35]
[6,44,24]
[6,44,25]
[6,44,26]
[6,44,27]
[6,44,28]
[6,44,29]
[6,44,30]
[6,44,31]
[6,45,24]
[6,45,25]
[6,45,26]
[6,45,27]
[6,45,28]
[6,45,29]
[6,45,30]
[6,45,31]
[6,46,26]
[6,46,27]
[6,46,28]
[6,46,29]
[6,47,26]
[6,47,27]
[6,47,28]
[6,47,29]
[6,40,18]
[6,40,19]
[6,40,20]
[6,40,21]
[6,40,22]
[6,40,23]
[6,40,24]
[6,40,25]
[6,40,26]
[6,40,27]
[6,41,18]
[6,41,19]
[6,41,20]
[6,41,21]
[6,41,22]
[6,41,23]
[6,41,24]
[6,41,25]
[6,41,26]
[6,41,27]
[6,42,18]
[6,42,19]
[6,42,20]
[6,42,21]
[6,43,18]
[6,43,19]
[6,43,20]
[6,43,21]
[6,44,20]
[6,44,21]
[6,45,20]
[6,45,21]
[6,46,20]
[6,46,21]
[6,47,20]
[6,47,21]
		
