[4,12,0]
[4,12,1]
[4,12,2]
[4,12,3]
[4,12,9]
[4,12,10]
[4,12,11]
[4,12,12]
[4,12,13]
[4,12,14]
[4,12,15]
[4,13,0]
[4,13,1]
[4,13,2]
[4,13,3]
[4,13,10]
[4,13,11]
[4,13,12]
[4,13,13]
[4,13,14]
[4,13,15]
[5,24,8]
[5,24,9]
[5,24,10]
[5,24,11]
[5,24,12]
[5,24,16]
[5,24,17]
[5,25,8]
[5,25,9]
[5,25,10]
[5,25,11]
[5,25,17]
[5,26,8]
[5,26,9]
[5,26,10]
[5,26,11]
[5,26,17]
[5,26,18]
[5,26,19]
[5,27,8]
[5,27,9]
[5,27,10]
[5,27,13]
[5,27,14]
[5,27,16]
[5,27,17]
[5,27,18]
[5,27,19]
[6,48,26]
[6,48,27]
[6,48,28]
[6,48,29]
[6,48,30]
[6,48,31]
[6,49,26]
[6,49,27]
[6,49,28]
[6,49,29]
[6,49,30]
[6,49,31]
[6,50,24]
[6,50,25]
[6,50,26]
[6,50,27]
[6,50,28]
[6,50,29]
[6,50,30]
[6,50,31]
[6,50,32]
[6,50,33]
[6,51,24]
[6,51,25]
[6,51,26]
[6,51,27]
[6,51,28]
[6,51,29]
[6,51,30]
[6,51,31]
[6,51,32]
[6,51,33]
[6,52,24]
[6,52,25]
[6,52,26]
[6,52,27]
[6,52,28]
[6,52,29]
[6,52,30]
[6,52,31]
[6,52,32]
[6,52,33]
[6,53,24]
[6,53,25]
[6,53,26]
[6,53,27]
[6,53,28]
[6,53,29]
[6,53,30]
[6,53,31]
[6,53,32]
[6,53,33]
[6,54,22]
[6,54,23]
[6,54,24]
[6,54,25]
[6,54,30]
[6,54,31]
[6,55,22]
[6,55,23]
[6,55,24]
[6,55,25]
[6,55,30]
[6,55,31]
		
