[4,14,0]
[4,14,1]
[4,14,2]
[4,14,3]
[4,14,7]
[4,14,11]
[4,14,12]
[4,14,13]
[4,14,14]
[4,14,15]
[4,15,0]
[4,15,1]
[4,15,2]
[4,15,3]
[4,15,4]
[4,15,5]
[4,15,6]
[4,15,7]
[4,15,8]
[4,15,11]
[4,15,12]
[4,15,13]
[4,15,14]
[4,15,15]
[5,28,8]
[5,28,9]
[5,28,10]
[5,28,13]
[5,28,16]
[5,28,17]
[5,28,18]
[5,28,20]
[5,28,21]
[5,29,8]
[5,29,9]
[5,29,10]
[5,29,11]
[5,29,12]
[5,29,13]
[5,29,16]
[5,29,17]
[5,29,20]
[5,29,21]
[5,30,18]
[5,30,19]
[5,30,20]
[5,30,21]
[5,31,18]
[5,31,21]
[6,56,22]
[6,56,23]
[6,56,24]
[6,56,25]
[6,56,38]
[6,56,39]
[6,57,22]
[6,57,23]
[6,57,24]
[6,57,25]
[6,57,38]
[6,57,39]
[6,58,36]
[6,58,37]
[6,58,38]
[6,58,39]
[6,59,36]
[6,59,37]
[6,59,38]
[6,59,39]
[6,62,38]
[6,62,39]
[6,62,40]
[6,62,41]
[6,63,38]
[6,63,39]
[6,63,40]
[6,63,41]
		
