[4,2,0]
[4,2,1]
[4,2,2]
[4,2,3]
[4,2,7]
[4,2,8]
[4,2,9]
[4,2,10]
[4,2,11]
[4,2,12]
[4,2,13]
[4,2,14]
[4,2,15]
[4,3,0]
[4,3,1]
[4,3,2]
[4,3,3]
[4,3,8]
[4,3,9]
[4,3,10]
[4,3,11]
[4,3,12]
[4,3,13]
[4,3,14]
[4,3,15]
[5,4,8]
[5,4,11]
[5,4,12]
[5,4,13]
[5,5,8]
[5,5,13]
[5,6,8]
[5,6,9]
[5,6,14]
[5,6,15]
[5,7,8]
[5,7,9]
[5,7,15]
[6,8,18]
[6,8,19]
[6,8,20]
[6,8,21]
[6,9,18]
[6,9,19]
[6,9,20]
[6,9,21]
[6,10,18]
[6,10,19]
[6,10,20]
[6,10,21]
[6,11,18]
[6,11,19]
[6,11,20]
[6,11,21]
[6,10,22]
[6,10,23]
[6,10,24]
[6,10,25]
[6,11,22]
[6,11,23]
[6,11,24]
[6,11,25]
[6,12,20]
[6,12,21]
[6,12,22]
[6,12,23]
[6,12,24]
[6,12,25]
[6,12,26]
[6,12,27]
[6,13,20]
[6,13,21]
[6,13,22]
[6,13,23]
[6,13,24]
[6,13,25]
[6,13,26]
[6,13,27]
[6,14,20]
[6,14,21]
[6,14,22]
[6,14,23]
[6,14,24]
[6,14,25]
[6,14,26]
[6,14,27]
[6,14,28]
[6,14,29]
[6,15,20]
[6,15,21]
[6,15,22]
[6,15,23]
[6,15,24]
[6,15,25]
[6,15,26]
[6,15,27]
[6,15,28]
[6,15,29]
		
