[4,4,0]
[4,4,1]
[4,4,2]
[4,4,3]
[4,4,11]
[4,4,12]
[4,4,13]
[4,4,14]
[4,4,15]
[4,5,0]
[4,5,3]
[4,5,6]
[4,5,12]
[4,5,15]
[5,8,8]
[5,8,9]
[5,8,15]
[5,8,16]
[5,8,17]
[5,8,18]
[5,8,19]
[5,8,20]
[5,8,21]
[5,9,8]
[5,9,9]
[5,9,13]
[5,9,18]
[5,9,20]
[5,9,21]
[5,10,14]
[5,10,15]
[5,10,16]
[5,10,20]
[5,10,21]
[5,10,22]
[5,10,23]
[5,11,10]
[5,11,11]
[5,11,14]
[5,11,15]
[5,11,16]
[5,11,19]
[5,11,20]
[5,11,21]
[5,11,22]
[5,11,23]
[6,16,20]
[6,16,21]
[6,16,22]
[6,16,23]
[6,16,24]
[6,16,25]
[6,16,26]
[6,16,27]
[6,16,28]
[6,16,29]
[6,17,20]
[6,17,21]
[6,17,22]
[6,17,23]
[6,17,24]
[6,17,25]
[6,17,26]
[6,17,27]
[6,17,28]
[6,17,29]
[6,18,20]
[6,18,21]
[6,18,22]
[6,18,23]
[6,18,24]
[6,18,25]
[6,18,28]
[6,18,29]
[6,18,30]
[6,18,31]
[6,18,32]
[6,18,33]
[6,18,34]
[6,18,35]
[6,18,38]
[6,18,39]
[6,19,20]
[6,19,21]
[6,19,22]
[6,19,23]
[6,19,24]
[6,19,25]
[6,19,28]
[6,19,29]
[6,19,30]
[6,19,31]
[6,19,32]
[6,19,33]
[6,19,34]
[6,19,35]
[6,19,38]
[6,19,39]
[6,20,20]
[6,20,21]
[6,20,22]
[6,20,23]
[6,20,34]
[6,20,35]
[6,20,36]
[6,20,37]
[6,20,38]
[6,20,39]
[6,21,20]
[6,21,21]
[6,21,22]
[6,21,23]
[6,21,34]
[6,21,35]
[6,21,36]
[6,21,37]
[6,21,38]
[6,21,39]
[6,22,34]
[6,22,35]
[6,22,36]
[6,22,37]
[6,23,34]
[6,23,35]
[6,23,36]
[6,23,37]
[5,10,2]
[5,10,3]
[5,10,4]
[5,10,5]
[5,11,2]
[5,11,3]
[5,11,4]
[5,11,5]
[5,10,8]
[5,10,9]
[5,11,8]
[5,11,9]
[5,10,26]
[5,10,27]
[5,10,28]
[5,10,29]
[5,11,26]
[5,11,27]
[5,11,28]
[5,11,29]
		
