[4,6,0]
[4,6,4]
[4,6,5]
[4,6,6]
[4,6,7]
[4,6,9]
[4,6,10]
[4,6,12]
[4,6,13]
[4,6,14]
[4,6,15]
[4,7,0]
[4,7,1]
[4,7,2]
[4,7,3]
[4,7,8]
[4,7,9]
[4,7,10]
[4,7,11]
[4,7,12]
[4,7,13]
[4,7,14]
[4,7,15]
[5,13,16]
[5,13,17]
[5,14,8]
[5,14,9]
[5,14,10]
[5,14,11]
[5,14,12]
[5,14,13]
[5,14,14]
[5,14,15]
[5,15,8]
[5,15,13]
[6,24,32]
[6,24,33]
[6,24,34]
[6,24,35]
[6,25,32]
[6,25,33]
[6,25,34]
[6,25,35]
[6,30,28]
[6,30,29]
[6,30,30]
[6,30,31]
[6,31,28]
[6,31,29]
[6,31,30]
[6,31,31]
[6,30,18]
[6,30,19]
[6,30,20]
[6,30,21]
[6,30,22]
[6,30,23]
[6,30,24]
[6,30,25]
[6,31,18]
[6,31,19]
[6,31,20]
[6,31,21]
[6,31,22]
[6,31,23]
[6,31,24]
[6,31,25]
[5,12,2]
[5,12,3]
[5,12,4]
[5,12,5]
[5,13,2]
[5,13,3]
[5,13,4]
[5,13,5]
[5,12,6]
[5,12,7]
[5,13,6]
[5,13,7]
[5,12,22]
[5,12,23]
[5,13,22]
[5,13,23]
		
