[4,8,0]
[4,8,1]
[4,8,2]
[4,8,10]
[4,8,11]
[4,8,12]
[4,8,13]
[4,8,14]
[4,8,15]
[4,9,0]
[4,9,1]
[4,9,10]
[4,9,11]
[4,9,12]
[4,9,13]
[4,9,14]
[4,9,15]
[5,16,13]
[5,16,16]
[5,16,17]
[5,16,18]
[5,16,19]
[5,17,13]
[5,17,14]
[5,17,17]
[5,17,18]
[5,17,19]
[5,18,13]
[5,18,14]
[5,18,19]
[5,19,14]
[5,19,18]
[5,19,19]
[6,32,28]
[6,32,29]
[6,32,30]
[6,32,31]
[6,33,28]
[6,33,29]
[6,33,30]
[6,33,31]
[6,34,30]
[6,34,31]
[6,34,32]
[6,34,33]
[6,35,30]
[6,35,31]
[6,35,32]
[6,35,33]
[6,36,30]
[6,36,31]
[6,36,32]
[6,36,33]
[6,36,34]
[6,36,35]
[6,36,36]
[6,36,37]
[6,37,30]
[6,37,31]
[6,37,32]
[6,37,33]
[6,37,34]
[6,37,35]
[6,37,36]
[6,37,37]
[6,38,30]
[6,38,31]
[6,38,32]
[6,38,33]
[6,38,34]
[6,38,35]
[6,39,30]
[6,39,31]
[6,39,32]
[6,39,33]
[6,39,34]
[6,39,35]
[6,32,16]
[6,32,17]
[6,32,18]
[6,32,19]
[6,32,20]
[6,32,21]
[6,32,22]
[6,32,23]
[6,32,24]
[6,32,25]
[6,33,16]
[6,33,17]
[6,33,18]
[6,33,19]
[6,33,20]
[6,33,21]
[6,33,22]
[6,33,23]
[6,33,24]
[6,33,25]
[6,34,16]
[6,34,17]
[6,34,18]
[6,34,19]
[6,34,20]
[6,34,21]
[6,34,22]
[6,34,23]
[6,34,24]
[6,34,25]
[6,35,16]
[6,35,17]
[6,35,18]
[6,35,19]
[6,35,20]
[6,35,21]
[6,35,22]
[6,35,23]
[6,35,24]
[6,35,25]
[6,36,16]
[6,36,17]
[6,36,18]
[6,36,19]
[6,36,20]
[6,36,21]
[6,36,22]
[6,36,23]
[6,36,24]
[6,36,25]
[6,37,16]
[6,37,17]
[6,37,18]
[6,37,19]
[6,37,20]
[6,37,21]
[6,37,22]
[6,37,23]
[6,37,24]
[6,37,25]
[6,38,16]
[6,38,17]
[6,38,18]
[6,38,19]
[6,38,20]
[6,38,21]
[6,38,22]
[6,38,23]
[6,38,24]
[6,38,25]
[6,38,26]
[6,38,27]
[6,39,16]
[6,39,17]
[6,39,18]
[6,39,19]
[6,39,20]
[6,39,21]
[6,39,22]
[6,39,23]
[6,39,24]
[6,39,25]
[6,39,26]
[6,39,27]
[5,16,6]
[5,16,7]
[5,17,6]
[5,17,7]
[5,18,4]
[5,18,5]
[5,18,6]
[5,18,7]
[5,19,4]
[5,19,5]
[5,19,6]
[5,19,7]
		
